19 58858740
19 58858782
19 58858787
19 58858790
19 58858803
19 58858833
19 58858856
19 58858880
19 58858882
19 58858886
19 58858888
19 58858912
19 58858941
19 58858958
19 58858982
19 58861744
19 58861794
19 58861808
19 58861877
19 58861885
19 58861907
19 58862760
19 58862777
19 58862780
19 58862790
19 58862796
19 58862808
19 58862822
19 58862834
19 58862835
19 58862837
19 58862838
19 58862840
19 58862840
19 58862843
19 58862843
19 58862861
19 58862864
19 58862865
19 58862874
19 58862891
19 58862893
19 58862931
19 58862937
19 58862987
19 58863011
19 58863011
19 58863041
19 58863044
